// id len dir (L R U D)
1 6 d
2 10 d
3 7 d
4 9 r
5 7 d
6 7 d
7 11 d
8 11 r
9 7 r
10 13 r
11 9 r
12 10 d
13 4 r
14 8 d
15 8 r
16 8 d
17 9 d
18 9 r
19 9 r
20 5 r
21 7 r
22 6 d
23 5 d
24 8 r
---
// cross: id_a id_b c_a c_b
1 4 5 2
2 9 9 5
3 4 3 6
3 8 7 6
5 9 5 7
5 10 6 1
6 9 3 3
6 13 7 3
7 8 2 4
7 10 4 8
7 11 6 6
7 15 8 7
7 19 10 4
12 19 5 9
14 18 3 6
14 20 5 5
14 24 7 8
15 16 1 1
16 18 3 8
16 21 6 1
17 19 2 7
21 22 3 1
21 23 6 1
---
// solution: box_id cell_idx
1 4
4 4
3 2
8 2
7 3
10 4
9 6
5 1
2 2
6 5
13 1
18 5
20 2
24 6
16 7
21 4
19 2
15 6
11 7
12 7
22 4
17 8
23 2
14 6
